0 112661
1 218781
2 318741
3 413366
4 502756
5 587430
6 667589
7 743581
8 815589
9 883772
10 948456
11 1009709
12 1067611
13 1122608
14 1174599
15 1223974
16 1270864
17 1315221
18 1357243
19 1396976
20 1434753
21 1470602
22 1504499
23 1536608
24 1566949
25 1595745
26 1623081
27 1648928
28 1673473
29 1696795
30 1718656
31 1739399
32 1759119
33 1777811
34 1795505
35 1812267
36 1828158
37 1843039
38 1857231
39 1870642
40 1883289
41 1895276
42 1906625
43 1917423
44 1927694
45 1937231
46 1946250
47 1954793
48 1963076
49 1970746
