0 172073
1 258075
2 339310
3 415952
4 488407
5 556788
6 621606
7 682890
8 740988
9 795725
10 847504
11 896540
12 943014
13 986917
14 1028568
15 1067868
16 1105096
17 1140344
18 1173670
19 1205114
20 1234976
21 1263101
22 1289716
23 1314904
24 1338755
25 1361218
26 1382482
27 1402675
28 1421808
29 1439960
30 1456913
31 1472984
32 1488189
33 1502635
34 1516210
35 1529020
36 1541115
37 1552558
38 1563444
39 1573738
40 1583369
41 1592464
42 1601102
43 1609262
44 1616945
45 1624147
46 1631006
47 1637483
48 1643598
49 1649355
