0 93658
1 181692
2 264531
3 342713
4 416515
5 486408
6 552468
7 615093
8 674412
9 730526
10 783706
11 834016
12 881569
13 926713
14 969333
15 1009790
16 1048166
17 1084408
18 1118760
19 1151168
20 1181904
21 1211096
22 1238628
23 1264717
24 1289383
25 1312773
26 1334861
27 1355868
28 1375651
29 1394441
30 1412077
31 1428820
32 1444708
33 1459783
34 1473952
35 1487328
36 1500071
37 1512059
38 1523274
39 1533947
40 1544088
41 1553644
42 1562550
43 1571034
44 1579102
45 1586738
46 1593814
47 1600549
48 1607008
49 1613139
